{
    "s01": {
        "gender": "female",
        "image_size": [
            [
                2800,
                2000
            ],
            [
                2000,
                2800
            ],
            [
                2000,
                2800
            ],
            [
                2000,
                2800
            ],
            [
                2800,
                2000
            ],
            [
                2800,
                2000
            ],
            [
                2000,
                2800
            ],
            [
                2000,
                2800
            ],
            [
                2000,
                2800
            ]
        ],
        "intris_mat": [
            [
                [
                    7270.5244140625,
                    0.0,
                    891.011962890625
                ],
                [
                    0.0,
                    7270.5244140625,
                    1358.8863525390625
                ],
                [
                    0.0,
                    0.0,
                    1.0
                ]
            ],
            [
                [
                    4649.03271484375,
                    0.0,
                    1058.0201416015625
                ],
                [
                    0.0,
                    4649.03271484375,
                    1370.1414794921875
                ],
                [
                    0.0,
                    0.0,
                    1.0
                ]
            ],
            [
                [
                    10134.1103515625,
                    0.0,
                    644.8037719726562
                ],
                [
                    0.0,
                    10134.1103515625,
                    1655.310791015625
                ],
                [
                    0.0,
                    0.0,
                    1.0
                ]
            ],
            [
                [
                    7285.09423828125,
                    0.0,
                    1406.3126220703125
                ],
                [
                    0.0,
                    7285.09423828125,
                    941.1094970703125
                ],
                [
                    0.0,
                    0.0,
                    1.0
                ]
            ],
            [
                [
                    7289.8466796875,
                    0.0,
                    1500.89111328125
                ],
                [
                    0.0,
                    7289.8466796875,
                    962.2987670898438
                ],
                [
                    0.0,
                    0.0,
                    1.0
                ]
            ],
            [
                [
                    10117.423828125,
                    0.0,
                    880.383544921875
                ],
                [
                    0.0,
                    10117.423828125,
                    1533.1175537109375
                ],
                [
                    0.0,
                    0.0,
                    1.0
                ]
            ],
            [
                [
                    4656.83935546875,
                    0.0,
                    981.9869384765625
                ],
                [
                    0.0,
                    4656.83935546875,
                    1458.4947509765625
                ],
                [
                    0.0,
                    0.0,
                    1.0
                ]
            ],
            [
                [
                    7261.6611328125,
                    0.0,
                    1105.3887939453125
                ],
                [
                    0.0,
                    7261.6611328125,
                    1272.60009765625
                ],
                [
                    0.0,
                    0.0,
                    1.0
                ]
            ]
        ],
        "ioi_offset": 1,
        "world2cam": [
            [
                [
                    0.8946267366409302,
                    -0.44637900590896606,
                    0.019717352464795113,
                    0.154157355427742
                ],
                [
                    -0.1109129935503006,
                    -0.2646050453186035,
                    -0.9579575657844543,
                    0.9950872659683228
                ],
                [
                    0.43282943964004517,
                    0.8548275828361511,
                    -0.28623199462890625,
                    4.641468048095703
                ],
                [
                    0.0,
                    0.0,
                    0.0,
                    1.0
                ]
            ],
            [
                [
                    0.5611575841903687,
                    -0.822525143623352,
                    0.09249313175678253,
                    -0.07792820036411285
                ],
                [
                    0.30032217502593994,
                    0.09820142388343811,
                    -0.9487695097923279,
                    1.1663684844970703
                ],
                [
                    0.7713037133216858,
                    0.5601866245269775,
                    0.30212920904159546,
                    2.174424409866333
                ],
                [
                    0.0,
                    0.0,
                    0.0,
                    1.0
                ]
            ],
            [
                [
                    -0.34046757221221924,
                    -0.9393923878669739,
                    -0.04030001163482666,
                    0.1492244005203247
                ],
                [
                    -0.21046501398086548,
                    0.11791235208511353,
                    -0.9704646468162537,
                    0.967058002948761
                ],
                [
                    0.9163990616798401,
                    -0.32193005084991455,
                    -0.23785452544689178,
                    3.8526577949523926
                ],
                [
                    0.0,
                    0.0,
                    0.0,
                    1.0
                ]
            ],
            [
                [
                    0.9193657636642456,
                    -0.3785983622074127,
                    0.10691408812999725,
                    -0.04530131816864014
                ],
                [
                    -0.23238487541675568,
                    -0.7419168949127197,
                    -0.6289334297180176,
                    0.8582881689071655
                ],
                [
                    0.31743431091308594,
                    0.5533739924430847,
                    -0.7700731754302979,
                    5.087003707885742
                ],
                [
                    0.0,
                    0.0,
                    0.0,
                    1.0
                ]
            ],
            [
                [
                    0.9338793754577637,
                    0.33547475934028625,
                    -0.1238013356924057,
                    0.03080594539642334
                ],
                [
                    0.19523733854293823,
                    -0.7684027552604675,
                    -0.6094589233398438,
                    0.7693250179290771
                ],
                [
                    -0.2995874583721161,
                    0.5449900031089783,
                    -0.7830923199653625,
                    5.186147212982178
                ],
                [
                    0.0,
                    0.0,
                    0.0,
                    1.0
                ]
            ],
            [
                [
                    -0.3318150043487549,
                    0.9407839775085449,
                    -0.06945870071649551,
                    0.07712684571743011
                ],
                [
                    0.23248472809791565,
                    0.010193586349487305,
                    -0.9725466966629028,
                    1.0418434143066406
                ],
                [
                    -0.9142482280731201,
                    -0.3388535976409912,
                    -0.2221003770828247,
                    3.8009860515594482
                ],
                [
                    0.0,
                    0.0,
                    0.0,
                    1.0
                ]
            ],
            [
                [
                    0.5938965082168579,
                    0.804520308971405,
                    0.005840391386300325,
                    -0.10822467505931854
                ],
                [
                    -0.21469029784202576,
                    0.1654719114303589,
                    -0.9625627994537354,
                    1.1644045114517212
                ],
                [
                    -0.7753677368164062,
                    0.5704088807106018,
                    0.2709958553314209,
                    2.2140748500823975
                ],
                [
                    0.0,
                    0.0,
                    0.0,
                    1.0
                ]
            ],
            [
                [
                    0.8889552354812622,
                    0.4573935568332672,
                    -0.023447636514902115,
                    -0.050583139061927795
                ],
                [
                    0.10763315856456757,
                    -0.25840187072753906,
                    -0.9600228667259216,
                    1.025874137878418
                ],
                [
                    -0.4451671242713928,
                    0.8508935570716858,
                    -0.2789384126663208,
                    4.617010116577148
                ],
                [
                    0.0,
                    0.0,
                    0.0,
                    1.0
                ]
            ]
        ]
    },
    "s02": {
        "gender": "female",
        "image_size": [
            [
                2800,
                2000
            ],
            [
                2000,
                2800
            ],
            [
                2000,
                2800
            ],
            [
                2000,
                2800
            ],
            [
                2800,
                2000
            ],
            [
                2800,
                2000
            ],
            [
                2000,
                2800
            ],
            [
                2000,
                2800
            ],
            [
                2000,
                2800
            ]
        ],
        "intris_mat": [
            [
                [
                    7270.552734375,
                    0.0,
                    891.934814453125
                ],
                [
                    0.0,
                    7270.552734375,
                    1377.4320068359375
                ],
                [
                    0.0,
                    0.0,
                    1.0
                ]
            ],
            [
                [
                    4651.58544921875,
                    0.0,
                    1024.5
                ],
                [
                    0.0,
                    4651.58544921875,
                    1380.414794921875
                ],
                [
                    0.0,
                    0.0,
                    1.0
                ]
            ],
            [
                [
                    10105.1767578125,
                    0.0,
                    750.1549072265625
                ],
                [
                    0.0,
                    10105.1767578125,
                    1367.711181640625
                ],
                [
                    0.0,
                    0.0,
                    1.0
                ]
            ],
            [
                [
                    7282.97412109375,
                    0.0,
                    1423.4971923828125
                ],
                [
                    0.0,
                    7282.97412109375,
                    1004.23388671875
                ],
                [
                    0.0,
                    0.0,
                    1.0
                ]
            ],
            [
                [
                    7291.64501953125,
                    0.0,
                    1470.8226318359375
                ],
                [
                    0.0,
                    7291.64501953125,
                    1004.4414672851562
                ],
                [
                    0.0,
                    0.0,
                    1.0
                ]
            ],
            [
                [
                    10119.9150390625,
                    0.0,
                    660.34228515625
                ],
                [
                    0.0,
                    10119.9150390625,
                    1359.147216796875
                ],
                [
                    0.0,
                    0.0,
                    1.0
                ]
            ],
            [
                [
                    4659.322265625,
                    0.0,
                    998.92919921875
                ],
                [
                    0.0,
                    4659.322265625,
                    1463.67333984375
                ],
                [
                    0.0,
                    0.0,
                    1.0
                ]
            ],
            [
                [
                    7261.24365234375,
                    0.0,
                    1105.764404296875
                ],
                [
                    0.0,
                    7261.24365234375,
                    1299.388671875
                ],
                [
                    0.0,
                    0.0,
                    1.0
                ]
            ]
        ],
        "ioi_offset": 2,
        "world2cam": [
            [
                [
                    0.8984345197677612,
                    -0.43858158588409424,
                    0.021485047414898872,
                    0.1504090428352356
                ],
                [
                    -0.10915513336658478,
                    -0.27046215534210205,
                    -0.9565225839614868,
                    0.9829658269882202
                ],
                [
                    0.42532408237457275,
                    0.8570277690887451,
                    -0.2908658981323242,
                    4.655292510986328
                ],
                [
                    0.0,
                    0.0,
                    0.0,
                    1.0
                ]
            ],
            [
                [
                    0.5717430114746094,
                    -0.8150169849395752,
                    0.0941128134727478,
                    -0.060997992753982544
                ],
                [
                    0.2951439619064331,
                    0.09729063510894775,
                    -0.9504865407943726,
                    1.1632046699523926
                ],
                [
                    0.7655063271522522,
                    0.5712108612060547,
                    0.2961726188659668,
                    2.188033103942871
                ],
                [
                    0.0,
                    0.0,
                    0.0,
                    1.0
                ]
            ],
            [
                [
                    -0.33953583240509033,
                    -0.9398443102836609,
                    -0.03752896189689636,
                    0.11135289072990417
                ],
                [
                    -0.18584880232810974,
                    0.10614687204360962,
                    -0.9768281579017639,
                    1.0758922100067139
                ],
                [
                    0.922049880027771,
                    -0.3246934115886688,
                    -0.21070954203605652,
                    3.8142781257629395
                ],
                [
                    0.0,
                    0.0,
                    0.0,
                    1.0
                ]
            ],
            [
                [
                    0.9227150678634644,
                    -0.369815468788147,
                    0.108781598508358,
                    -0.05746731162071228
                ],
                [
                    -0.2269168347120285,
                    -0.7492086887359619,
                    -0.6222501993179321,
                    0.8163549900054932
                ],
                [
                    0.31161779165267944,
                    0.5494751930236816,
                    -0.7752235531806946,
                    5.0936126708984375
                ],
                [
                    0.0,
                    0.0,
                    0.0,
                    1.0
                ]
            ],
            [
                [
                    0.9289160370826721,
                    0.3478110730648041,
                    -0.12705616652965546,
                    0.0502055287361145
                ],
                [
                    0.20528995990753174,
                    -0.7692919969558716,
                    -0.6050176620483398,
                    0.7411227226257324
                ],
                [
                    -0.30817511677742004,
                    0.5359271764755249,
                    -0.7860091924667358,
                    5.190395355224609
                ],
                [
                    0.0,
                    0.0,
                    0.0,
                    1.0
                ]
            ],
            [
                [
                    -0.3621045649051666,
                    0.929222822189331,
                    -0.07365863025188446,
                    0.1583353579044342
                ],
                [
                    0.21622535586357117,
                    0.006867796182632446,
                    -0.976319432258606,
                    1.1060662269592285
                ],
                [
                    -0.9067121744155884,
                    -0.3694564998149872,
                    -0.20340849459171295,
                    3.7795867919921875
                ],
                [
                    0.0,
                    0.0,
                    0.0,
                    1.0
                ]
            ],
            [
                [
                    0.5896317958831787,
                    0.8076551556587219,
                    0.005283236503601074,
                    -0.11885299533605576
                ],
                [
                    -0.21613013744354248,
                    0.16408240795135498,
                    -0.9624785780906677,
                    1.1611111164093018
                ],
                [
                    -0.7782176733016968,
                    0.5663660764694214,
                    0.2713068723678589,
                    2.212742567062378
                ],
                [
                    0.0,
                    0.0,
                    0.0,
                    1.0
                ]
            ],
            [
                [
                    0.883932888507843,
                    0.46697303652763367,
                    -0.024477720260620117,
                    -0.051774609833955765
                ],
                [
                    0.11351737380027771,
                    -0.26506859064102173,
                    -0.957524299621582,
                    1.0060946941375732
                ],
                [
                    -0.45362621545791626,
                    0.8436083197593689,
                    -0.28731226921081543,
                    4.62569522857666
                ],
                [
                    0.0,
                    0.0,
                    0.0,
                    1.0
                ]
            ]
        ]
    },
    "s03": {
        "gender": "male",
        "image_size": [
            [
                2800,
                2000
            ],
            [
                2000,
                2800
            ],
            [
                2000,
                2800
            ],
            [
                2000,
                2800
            ],
            [
                2800,
                2000
            ],
            [
                2800,
                2000
            ],
            [
                2000,
                2800
            ],
            [
                2000,
                2800
            ],
            [
                2000,
                2800
            ]
        ],
        "intris_mat": [
            [
                [
                    7272.47607421875,
                    0.0,
                    859.2623901367188
                ],
                [
                    0.0,
                    7272.47607421875,
                    1392.295654296875
                ],
                [
                    0.0,
                    0.0,
                    1.0
                ]
            ],
            [
                [
                    4652.48291015625,
                    0.0,
                    1025.5224609375
                ],
                [
                    0.0,
                    4652.48291015625,
                    1379.02197265625
                ],
                [
                    0.0,
                    0.0,
                    1.0
                ]
            ],
            [
                [
                    10131.4375,
                    0.0,
                    794.7323608398438
                ],
                [
                    0.0,
                    10131.4375,
                    1434.4617919921875
                ],
                [
                    0.0,
                    0.0,
                    1.0
                ]
            ],
            [
                [
                    7273.125,
                    0.0,
                    1406.1549072265625
                ],
                [
                    0.0,
                    7273.125,
                    1025.9903564453125
                ],
                [
                    0.0,
                    0.0,
                    1.0
                ]
            ],
            [
                [
                    7283.96240234375,
                    0.0,
                    1446.78271484375
                ],
                [
                    0.0,
                    7283.96240234375,
                    1000.9532470703125
                ],
                [
                    0.0,
                    0.0,
                    1.0
                ]
            ],
            [
                [
                    10108.3408203125,
                    0.0,
                    817.5453491210938
                ],
                [
                    0.0,
                    10108.3408203125,
                    1389.8551025390625
                ],
                [
                    0.0,
                    0.0,
                    1.0
                ]
            ],
            [
                [
                    4657.30712890625,
                    0.0,
                    986.29150390625
                ],
                [
                    0.0,
                    4657.30712890625,
                    1468.2305908203125
                ],
                [
                    0.0,
                    0.0,
                    1.0
                ]
            ],
            [
                [
                    7262.0166015625,
                    0.0,
                    1073.9638671875
                ],
                [
                    0.0,
                    7262.0166015625,
                    1326.47021484375
                ],
                [
                    0.0,
                    0.0,
                    1.0
                ]
            ]
        ],
        "ioi_offset": 1,
        "world2cam": [
            [
                [
                    0.8983148336410522,
                    -0.43886426091194153,
                    0.020718436688184738,
                    0.16867361962795258
                ],
                [
                    -0.11037571728229523,
                    -0.2710709869861603,
                    -0.9562103748321533,
                    0.9734258651733398
                ],
                [
                    0.42526260018348694,
                    0.8566908240318298,
                    -0.29194673895835876,
                    4.639230251312256
                ],
                [
                    0.0,
                    0.0,
                    0.0,
                    1.0
                ]
            ],
            [
                [
                    0.5710002779960632,
                    -0.8154658079147339,
                    0.09473390877246857,
                    -0.06450589746236801
                ],
                [
                    0.29885128140449524,
                    0.09899508208036423,
                    -0.9491512775421143,
                    1.162720799446106
                ],
                [
                    0.764622151851654,
                    0.5702767968177795,
                    0.30022937059402466,
                    2.1768667697906494
                ],
                [
                    0.0,
                    0.0,
                    0.0,
                    1.0
                ]
            ],
            [
                [
                    -0.3485918343067169,
                    -0.9365423917770386,
                    -0.037045806646347046,
                    0.09285688400268555
                ],
                [
                    -0.19069941341876984,
                    0.10956761240959167,
                    -0.9755147099494934,
                    1.0525357723236084
                ],
                [
                    0.9176698327064514,
                    -0.33299189805984497,
                    -0.21679241955280304,
                    3.828963041305542
                ],
                [
                    0.0,
                    0.0,
                    0.0,
                    1.0
                ]
            ],
            [
                [
                    0.9214059114456177,
                    -0.3734589219093323,
                    0.1074247658252716,
                    -0.0478760302066803
                ],
                [
                    -0.23148784041404724,
                    -0.749525785446167,
                    -0.6201814413070679,
                    0.8004841804504395
                ],
                [
                    0.3121298551559448,
                    0.5465709567070007,
                    -0.7770683765411377,
                    5.090814113616943
                ],
                [
                    0.0,
                    0.0,
                    0.0,
                    1.0
                ]
            ],
            [
                [
                    0.9298405647277832,
                    0.3446352779865265,
                    -0.12893366813659668,
                    0.06674450635910034
                ],
                [
                    0.20148760080337524,
                    -0.7700745463371277,
                    -0.6053004264831543,
                    0.7420821189880371
                ],
                [
                    -0.30789652466773987,
                    0.536854088306427,
                    -0.7854857444763184,
                    5.188349723815918
                ],
                [
                    0.0,
                    0.0,
                    0.0,
                    1.0
                ]
            ],
            [
                [
                    -0.34292569756507874,
                    0.9366897940635681,
                    -0.07081267237663269,
                    0.10285790264606476
                ],
                [
                    0.21951165795326233,
                    0.006610497832298279,
                    -0.9755876660346985,
                    1.0957316160202026
                ],
                [
                    -0.9133548736572266,
                    -0.350098192691803,
                    -0.207881361246109,
                    3.7810404300689697
                ],
                [
                    0.0,
                    0.0,
                    0.0,
                    1.0
                ]
            ],
            [
                [
                    0.5918262600898743,
                    0.8060402870178223,
                    0.006417572498321533,
                    -0.11166971921920776
                ],
                [
                    -0.2139950692653656,
                    0.164789080619812,
                    -0.962834894657135,
                    1.1610101461410522
                ],
                [
                    -0.7771412134170532,
                    0.5684576630592346,
                    0.27001523971557617,
                    2.2153470516204834
                ],
                [
                    0.0,
                    0.0,
                    0.0,
                    1.0
                ]
            ],
            [
                [
                    0.8844795823097229,
                    0.46590155363082886,
                    -0.025134027004241943,
                    -0.03169672191143036
                ],
                [
                    0.11433260142803192,
                    -0.2686488926410675,
                    -0.9564289450645447,
                    0.9894481897354126
                ],
                [
                    -0.4523540139198303,
                    0.84306800365448,
                    -0.2908819913864136,
                    4.633981704711914
                ],
                [
                    0.0,
                    0.0,
                    0.0,
                    1.0
                ]
            ]
        ]
    },
    "s04": {
        "gender": "male",
        "image_size": [
            [
                2800,
                2000
            ],
            [
                2000,
                2800
            ],
            [
                2000,
                2800
            ],
            [
                2000,
                2800
            ],
            [
                2800,
                2000
            ],
            [
                2800,
                2000
            ],
            [
                2000,
                2800
            ],
            [
                2000,
                2800
            ],
            [
                2000,
                2800
            ]
        ],
        "intris_mat": [
            [
                [
                    7267.029296875,
                    0.0,
                    915.0343017578125
                ],
                [
                    0.0,
                    7267.029296875,
                    1383.96044921875
                ],
                [
                    0.0,
                    0.0,
                    1.0
                ]
            ],
            [
                [
                    4651.31640625,
                    0.0,
                    1033.0389404296875
                ],
                [
                    0.0,
                    4651.31640625,
                    1380.5302734375
                ],
                [
                    0.0,
                    0.0,
                    1.0
                ]
            ],
            [
                [
                    10117.1435546875,
                    0.0,
                    1087.2835693359375
                ],
                [
                    0.0,
                    10117.1435546875,
                    1497.932373046875
                ],
                [
                    0.0,
                    0.0,
                    1.0
                ]
            ],
            [
                [
                    7272.4150390625,
                    0.0,
                    1442.924560546875
                ],
                [
                    0.0,
                    7272.4150390625,
                    980.4120483398438
                ],
                [
                    0.0,
                    0.0,
                    1.0
                ]
            ],
            [
                [
                    7290.529296875,
                    0.0,
                    1497.7181396484375
                ],
                [
                    0.0,
                    7290.529296875,
                    945.6910400390625
                ],
                [
                    0.0,
                    0.0,
                    1.0
                ]
            ],
            [
                [
                    10110.064453125,
                    0.0,
                    830.0462646484375
                ],
                [
                    0.0,
                    10110.064453125,
                    1539.83740234375
                ],
                [
                    0.0,
                    0.0,
                    1.0
                ]
            ],
            [
                [
                    4654.88720703125,
                    0.0,
                    982.8092651367188
                ],
                [
                    0.0,
                    4654.88720703125,
                    1449.23876953125
                ],
                [
                    0.0,
                    0.0,
                    1.0
                ]
            ],
            [
                [
                    7261.39501953125,
                    0.0,
                    1131.3836669921875
                ],
                [
                    0.0,
                    7261.39501953125,
                    1305.37158203125
                ],
                [
                    0.0,
                    0.0,
                    1.0
                ]
            ]
        ],
        "ioi_offset": 2,
        "world2cam": [
            [
                [
                    0.8934416770935059,
                    -0.4486345648765564,
                    0.022114427760243416,
                    0.13432198762893677
                ],
                [
                    -0.11245889961719513,
                    -0.27108049392700195,
                    -0.9559646844863892,
                    0.9788246154785156
                ],
                [
                    0.4348735809326172,
                    0.8516117334365845,
                    -0.2926476001739502,
                    4.635448932647705
                ],
                [
                    0.0,
                    0.0,
                    0.0,
                    1.0
                ]
            ],
            [
                [
                    0.5714889764785767,
                    -0.8150839805603027,
                    0.09507106244564056,
                    -0.06610014289617538
                ],
                [
                    0.2963464558124542,
                    0.09695595502853394,
                    -0.950146496295929,
                    1.161553978919983
                ],
                [
                    0.7652314901351929,
                    0.5711722373962402,
                    0.29695647954940796,
                    2.1831600666046143
                ],
                [
                    0.0,
                    0.0,
                    0.0,
                    1.0
                ]
            ],
            [
                [
                    -0.3749692142009735,
                    -0.9265350103378296,
                    -0.030516624450683594,
                    -0.013837605714797974
                ],
                [
                    -0.19734114408493042,
                    0.11194142699241638,
                    -0.9739227294921875,
                    1.0269010066986084
                ],
                [
                    0.9057896137237549,
                    -0.3591689169406891,
                    -0.22481799125671387,
                    3.833263874053955
                ],
                [
                    0.0,
                    0.0,
                    0.0,
                    1.0
                ]
            ],
            [
                [
                    0.9197772741317749,
                    -0.376223623752594,
                    0.11164917796850204,
                    -0.0740034207701683
                ],
                [
                    -0.2286410927772522,
                    -0.7449567317962646,
                    -0.6267078518867493,
                    0.8378955721855164
                ],
                [
                    0.3189561069011688,
                    0.5509040951728821,
                    -0.7712143659591675,
                    5.094213008880615
                ],
                [
                    0.0,
                    0.0,
                    0.0,
                    1.0
                ]
            ],
            [
                [
                    0.9314985275268555,
                    0.34162962436676025,
                    -0.12489888072013855,
                    0.028837164863944054
                ],
                [
                    0.19864541292190552,
                    -0.7654179334640503,
                    -0.6121073961257935,
                    0.7849041223526001
                ],
                [
                    -0.3047138452529907,
                    0.5453665256500244,
                    -0.7808488607406616,
                    5.192998886108398
                ],
                [
                    0.0,
                    0.0,
                    0.0,
                    1.0
                ]
            ],
            [
                [
                    -0.34188300371170044,
                    0.9371224045753479,
                    -0.0701250433921814,
                    0.09401507675647736
                ],
                [
                    0.2320769727230072,
                    0.011885136365890503,
                    -0.9726247787475586,
                    1.0383795499801636
                ],
                [
                    -0.9106351137161255,
                    -0.34879830479621887,
                    -0.22154787182807922,
                    3.7992963790893555
                ],
                [
                    0.0,
                    0.0,
                    0.0,
                    1.0
                ]
            ],
            [
                [
                    0.5906697511672974,
                    0.8069076538085938,
                    0.0030640666373074055,
                    -0.11004582792520523
                ],
                [
                    -0.21631672978401184,
                    0.16200333833694458,
                    -0.9627887010574341,
                    1.1700814962387085
                ],
                [
                    -0.7773779630661011,
                    0.5680273175239563,
                    0.27023810148239136,
                    2.221935749053955
                ],
                [
                    0.0,
                    0.0,
                    0.0,
